4 687.326
14 742.383
184 757.919
338 791.6
372 794.212
403 832.496
447 835.184
512 843.808
691 859.884
972 857.143
1301 893.866
1340 918.18
1455 935.732
1562 950.583
1611 941.415
1673 973.594
1761 985.224
1839 963.635
1931 992.113
1953 980.92
2155 986.335
2429 999.676
2521 1019.19
2696 1014.95
3031 1043.43
3153 1053.7
3219 1096.71
3274 1099.22
3375 1094.98
3481 1127.38
3702 1121.04
3822 1144.68
3838 1144.07
4123 1169.07
4225 1171.39
4388 1186.27
4426 1180.85
4531 1209.68
4752 1213.33
4830 1240.63
4965 1235.37
5206 1255.54
5220 1257.89
5319 1271.43
5372 1267.94
5405 1270.64
5750 1292.75
5787 1305.26
5997 1325.74
6071 1328.32
6343 1346.52
6556 1353.93
6633 1362.29
6928 1384.23
7045 1403.05
7068 1399.5
7221 1424.05
7485 1449.88
7550 1469.93
7688 1512.75
7772 1520.1
7921 1534.21
8014 1548.57
8176 1591.83
8443 1643.33
8523 1661.94
8530 1665.07
8544 1672.05
8610 1697.61
8722 1692.66
9051 1744.69
9117 1728.45
9124 1723.4
9308 1748.12
9368 1761.33
9578 1761.49
9620 1767.29
9787 1806.39
9792 1776.07
10085 1842.44
10155 1833.42
10174 1838.07
10258 1870.12
10301 1898.75
10398 1869.09
10550 1910.12
10621 1890.64
10687 1916.78
10876 1948.62
10885 1978.86
10896 1966.75
10906 1951.9
11003 2007.97
11051 1983.62
11167 1999.19
11188 2012.68
11213 2008.73
11255 2018.78
11287 2039.1
11361 2011.7
11563 2034.28
11681 2105.67
11700 2099.74
11737 2088.17
11780 2084.6
11846 2096.6
11945 2152.7
12007 2134.49
12121 2120.97
12267 2176.31
12339 2168.44
12350 2158.79
12454 2185.07
12470 2187.39
12610 2192.91
12617 2200.65
12670 2216.09
12756 2203.6
12767 2221.28
12880 2222.99
12985 2244.38
13100 2234.72
13133 2246.11
13143 2236.41
13215 2259.85
13330 2270.58
13502 2276.06
13557 2303.35
13672 2286.37
13786 2336.57
13863 2331.06
13919 2351.49
13977 2361.75
14073 2378.66
14083 2370.72
14095 2421.77
14161 2413.92
14414 2461.28
14458 2501.47
14491 2459.24
14559 2459.53
14577 2464.31
14637 2470.3
14665 2482.09
14675 2479.2
14751 2472.76
14927 2502.31
14936 2502.38
15176 2549
15265 2542.68
15364 2553.61
15429 2531.07
15567 2589.47
15588 2582.08
15707 2588.84
15797 2634.98
15810 2638.53
15867 2628.81
15943 2625.81
15965 2629.26
16036 2644.82
16312 2654.52
16324 2808.68
16455 2665.48
16570 2702.7
16683 2708.29
16840 2746.17
16922 2741.1
16953 2781.1
16975 2788.86
17069 2786.75
17300 2821.59
17368 2806.03
17592 2837.67
17656 2873.72
17667 2930.87
17720 2904.06
17930 2953.75
17947 2930.55
17982 3038.04
18034 2972.53
18132 2979.09
18250 3011.63
18415 3012.33
18561 3027.31
18763 3038.17
18774 3030.96
18848 3049.87
18882 3050.03
18892 3042.1
19023 3068.65
19513 3135.89
19593 3154.13
19602 3161.64
19816 3168.67
19896 3184.71
20053 3206.39
20240 3276.17
20291 3266.66
20350 3267.65
20480 3295.77
20775 3322.88
21016 3354.82
21098 3396.48
21105 3388.2
21143 3386.81
21315 3408.14
21524 3432.27
21531 3427.64
21861 3461
21889 3452.83
22002 3466.66
22042 3479.13
22363 3537.32
22372 3558.79
22484 3530.41
22498 3559.97
22511 3562.64
22627 3566.78
22638 3562.7
22674 3569.14
22732 3575.85
22918 3590.47
23381 3579.76
23461 3643.95
23658 3611.72
23797 3613.81
23979 3636.03
24198 3673.43
24228 3667.75
24384 3700.42
24620 3704.69
24838 3721.16
25030 3767.69
25082 3760.86
25179 3777.11
25327 3859.05
25390 3812.18
25460 3814.81
25512 3866.46
25526 3850.83
25562 3854.14
25627 3868.82
25756 3873.84
25840 3871.41
26050 3899.67
26073 3898.89
26203 3910.76
26321 3906.34
26667 3933.9
26691 3940.71
26700 3952.36
26757 3948.01
26772 3950.79
26798 3933.67
26860 3933.84
27133 3962.24
27143 3950.89
27284 3957.25
27370 4005.82
27566 3998.67
27612 3997.49
27646 3990.34
27664 4007.72
27737 3993.22
27825 4007.7
28003 4017.7
28125 4142.34
28193 4021.15
28421 4028.66
28443 4053.33
28614 4039.16
28638 4048.89
28729 4048.53
28953 4101.44
28983 4093.06
29204 4119.84
29347 4163.98
29529 4210.82
29566 4181.51
29628 4188.75
29707 4196.19
29904 4210.21
30131 4317.78
30180 4227.27
30249 4280.46
30394 4283
30456 4286.13
30515 4311.73
30528 4317.96
30557 4311.53
30878 4331.83
30906 4347.76
30948 4323.31
31205 4339.9
31225 4357.08
31316 4342.16
31455 4356.6
31545 4382.66
31553 4349.83
31745 4476.66
31879 4398.65
31927 4370.82
32273 4378.77
32442 4393.45
32526 4401.43
32553 4399.26
32608 4423.94
32651 4421.9
32677 4438.61
33004 4443.28
33012 4445.02
33285 4472.87
33325 4493.31
33550 4519.14
33674 4501.35
33678 4501.94
33703 4523.4
33817 4512.48
34246 4560.82
34323 4581.26
34353 4547.76
34551 4580.96
34671 4625.45
34752 4629.25
34818 4629.48
34836 4638.11
34888 4625.85
34971 4655.96
35010 4644.96
35041 4638.06
35114 4651.41
35364 4660.47
35421 4667.21
35776 4681.19
35932 4729.72
36006 4706.62
36178 4737.71
36335 4757.99
36399 4761.66
36530 4765.83
36698 4814.28
36717 4809.73
36792 4802.1
36966 4824.32
37095 4824.58
37144 4855.58
37247 4828.57
37463 4862.59
37475 4871.44
37497 4856.85
37555 4865.91
37696 4871.39
37718 4886.54
37861 4922.51
37935 4888.03
38336 4905.73
38344 4900.73
38679 4903.75
38721 4923.84
39109 4945.67
39175 4968.33
39275 4944.35
39387 4964.6
39402 4970.69
39830 5001.9
39935 5028.32
39944 5003.8
39970 5008.95
40110 5019.89
40180 5020.6
40227 5045.12
40308 5027.29
40316 5026.19
40564 5103.97
40781 5059.07
40943 5057.11
41136 5086.02
41177 5078.5
41216 5081.7
41226 5092.96
41426 5102.31
41523 5100.06
42001 5158.14
42079 5122.93
42099 5135.64
42301 5172.41
42308 5171.6
42350 5167.4
42501 5169.71
42514 5162.68
42559 5173.66
42661 5187.28
42855 5185.29
42981 5194.93
43253 5201.67
43376 5225.75
43405 5213.99
43514 5210.4
43786 5247.1
43885 5230.89
43901 5255.56
44037 5252.17
44049 5287.64
44089 5239.51
44110 5252.22
44193 5269.41
44223 5261.42
44358 5325.23
44403 5289.28
44619 5264.19
44710 5282.22
44719 5279.94
44755 5270.97
44998 5300.88
45005 5296.35
45044 5293.44
45282 5297.95
45492 5311.13
45616 5306.51
45627 5320.33
46096 5327.22
46219 5338.08
46485 5334.98
46597 5346.39
46859 5361.07
46869 5357.27
46900 5360.67
46991 5373.02
47179 5386.76
47233 5374.43
47286 5377.1
47646 5420.13
47675 5489.01
47701 5402.75
47794 5397.22
47919 5411.95
48190 5421.16
48568 5461.72
48629 5463.87
48764 5470.6
48933 5512.86
49107 5509.96
49116 5520.57
49156 5526.73
49220 5521.67
49253 5531.24
49471 5568.39
49607 5542.68
49921 5554.38
50074 5580.45
50098 5577.87
50310 5586.15
50479 5678.84
50497 5608.71
50544 5606.98
50721 5637.99
50771 5650.34
50816 5634.36
51236 5658.23
51335 5663.75
51465 5680.89
51474 5689.52
51653 5696.68
51664 5702.76
51724 5692.98
51940 5721.55
52153 5714.09
52185 5730.35
52377 5729.22
52558 5732.4
52711 5753.4
52764 5754.48
52843 5773.12
52901 5786.84
52987 5755.91
53043 5810.87
53184 5815.04
53201 5805.81
53307 5804.6
53358 5795.55
53390 5803.44
53444 5802.89
53704 5810.58
53843 5818.23
53899 5836.45
53979 5856.69
54017 5830.29
54149 5825.17
54233 5834.95
54246 5839.78
54440 5854.45
54756 5840.26
55087 5861.48
55519 5870.48
55746 5895.04
55914 5877.53
55927 5909.98
55952 5889.97
55962 5891.54
56235 5892.99
56263 5910.82
56347 5914.52
56925 5941.94
56933 5954.86
57151 5954.55
57236 5971.15
57312 5975.58
57391 5965.9
57511 5989.14
57616 5987.86
57681 5994.71
57807 5999.84
